,id,hd
0,66,1
1,105,0
2,160,0
3,147,0
4,19,0
5,294,1
6,79,1
7,213,1
8,138,1
9,72,1
10,15,0
11,10,0
12,231,1
13,186,0
14,68,1
15,270,1
16,37,1
17,16,1
18,256,0
19,145,1
20,271,0
21,67,0
22,291,0
23,69,1
24,31,1
25,172,1
26,148,0
27,224,1
28,115,0
29,18,0
30,179,0
31,97,1
32,180,1
33,120,1
34,86,0
35,247,1
36,245,1
37,114,1
38,200,0
39,119,1
40,133,0
41,205,1
42,55,1
43,206,1
44,182,0
45,144,0
46,174,1
47,252,0
48,38,1
49,285,1
50,167,0
51,57,1
52,130,0
53,196,0
54,113,1
55,165,0
56,118,1
57,278,1
58,272,1
59,153,1
60,181,1
61,2,1
62,116,0
63,141,1
64,175,1
65,121,1
66,209,1
67,286,1
68,128,0
69,74,1
70,29,1
71,83,1
72,242,0
73,108,1
74,233,0
75,156,1
76,251,1
77,188,1
78,228,1
79,65,1
80,197,0
81,85,0
82,212,0
83,12,1
84,35,0
85,28,0
86,143,1
87,243,1
88,253,0
89,265,1
90,51,0
91,96,1
92,207,1
93,221,0
94,41,0
95,90,0
96,216,0
97,137,1
98,26,0
99,295,0
100,142,0
101,199,1
102,0,0
103,269,0
104,273,0
105,101,0
106,259,1
107,254,0
108,173,0
109,99,0
110,36,1
111,61,0
112,151,0
113,235,1
114,201,0
115,241,0
116,11,0
117,298,1
118,268,1
119,27,0
120,218,0
121,4,0
122,123,1
123,32,1
124,203,0
125,163,0
126,232,1
127,257,0
128,139,0
129,62,1
130,136,1
131,129,0
132,292,1
133,8,1
134,70,0
135,264,1
136,64,1
137,44,1
138,234,0
139,157,1
140,40,1
141,124,1
142,276,0
143,219,0
144,154,1
145,23,1
146,261,1
147,111,1
148,81,0
149,210,0
150,215,0
151,39,0
152,239,0
153,293,1
154,258,0
155,202,0
156,14,0
157,47,1
158,95,1
159,263,0
160,230,0
161,275,0
162,204,0
163,162,0
164,43,0
165,220,0
166,146,1
167,193,1
168,223,1
169,250,0
170,3,0
171,106,1
172,53,0
173,134,0
174,1,1
175,132,0
176,104,1
177,49,0
178,164,0
179,80,0
180,208,0
181,34,0
182,92,0
183,52,1
184,244,0
185,13,0
186,89,0
187,168,1
188,296,1
189,135,0
190,289,0
191,246,1
192,54,1
193,50,0
194,176,0
195,191,1
196,300,1
197,189,1
198,171,0
199,58,0
200,48,0
201,238,0
202,255,0
203,21,0
204,161,1
205,280,1
206,194,0
207,260,0
208,150,0
209,131,0
210,152,0
211,100,0
212,88,0
213,217,0
214,122,0
215,301,1
216,20,0
217,190,0
218,71,1
219,107,1
220,274,1
221,103,0
